									(0.0 0.0 0.0)
									(0.0 42.0 0.0)
									(0.0 53.0 0.0)
									(0.0 378.0 0.0)
									(0.0 389.0 0.0)
									(0.0 462.0 0.0)
									(0.0 557.3 0.0)
									(0.0 220.2 0.0)
									(0.0 489.9 0.0)
									(0.0 252.0 0.0)
									(0.0 546.0 0.0)
									(0.0 126.0 0.0)
									(0.0 409.3 0.0)
									(0.0 230.4 0.0)
									(0.0 447.2 0.0)
									(0.0 504.0 0.0)
									(0.0 84.0 0.0)
									(0.0 399.2 0.0)
									(0.0 326.2 0.0)
									(0.0 11.0 0.0)
									(0.0 472.4 0.0)
									(0.0 567.5 0.0)
									(0.0 436.7 0.0)
									(0.0 315.9 0.0)
									(0.0 178.2 0.0)
									(0.0 241.3 0.0)
									(0.0 64.0 0.0)
									(0.0 115.0 0.0)
									(0.0 420.0 0.0)
									(0.0 168.0 0.0)
									(0.0 210.0 0.0)
									(0.0 188.9 0.0)
									(0.0 264.5 0.0)
									(0.0 137.3 0.0)
									(0.0 146.3 0.0)
									(0.0 514.8 0.0)
									(0.0 351.8 0.0)
									(0.0 273.8 0.0)
									(0.0 360.3 0.0)
									(0.0 74.6 0.0)
									(0.0 482.8 0.0)
									(0.0 523.5 0.0)
									(0.0 336.0 0.0)
									(0.0 20.4 0.0)
									(0.0 103.3 0.0)
									(0.0 33.9 0.0)
									(0.0 430.4 0.0)
									(0.0 108.8 0.0)
									(0.0 155.2 0.0)
									(0.0 345.2 0.0)
									(0.0 27.5 0.0)
									(0.0 294.0 0.0)
									(0.0 530.6 0.0)
									(0.0 300.5 0.0)
									(4.6 538.5 0.0)
									(0.0 308.4 0.0)
									(0.0 369.1 0.0)
									(0.0 201.0 0.0)
									(0.0 283.0 0.0)
									(0.0 94.0 0.0)
									(0.0 577.9 0.0)
